Jones 2143 78 84 77
Gondrol 2321 56 58 45
RindRao 2122 38 37 65
Edwin 2537 78 67 45
Dayan 2415 30 47 20
Jones 2143 78 84 77
Gondrol 2321 56 58 45
RindRao 2122 38 37 65
Edwin 2537 78 67 45
Dayan 2415 30 47 20
Jones 2143 78 84 77
Gondrol 2321 56 58 45
RindRao 2122 38 37 65
Edwin 2537 78 67 45
Dayan 2415 30 47 20
Jones 2143 78 84 77
Gondrol 2321 56 58 45
RindRao 2122 38 37 65
Edwin 2537 78 67 45
Dayan 2415 30 47 20
Jones 2143 78 84 77
Gondrol 2321 56 58 45
RindRao 2122 38 37 65
Edwin 2537 78 67 45
Dayan 2415 30 47 20
