1234567891011121314151617181920
2122232425262728293031323334353637383940
4142434445464748495051525354555657585960
6162636465666768697071727374757677787980
81828384858687888990919293949596979899100
101102103104105106107108109110111112113114
115116117118119120121122123124125126127128
129130131132133134135136137138139140141142143
144145146147148149150151152153154155156157158
159160161162163164165166167168169170171172173
174175176177178179180181182183184185186187188
189190191192193194195196197198199200201202203
